490 4083
500 4587
510 3874
520 4494
530 4913
540 4471
550 4396
560 4350
570 4548
580 5006
590 4770
600 4312
610 4499
620 4894
630 5313
640 4033
650 4875
660 4670
670 5157
680 4675
690 5037
700 3754
710 4258
720 4735
730 4761
740 4675
750 4940
760 3847
770 4887
780 4721
790 3108
800 3707
810 3944
820 4844
830 4720
840 4708
850 4829
860 3556
870 4770
880 4668
890 5002
900 4749
910 5174
920 5043
930 3770
940 4665
950 4757
960 5234
970 5046
980 4292
990 4328
1000 4967
1010 4276
1020 4334
1030 4517
1040 5088
1050 4388
1060 4626
1070 4485
1080 4434
1090 4338
1100 4604
1110 4084
1120 5124
1130 4543
1140 4938
1150 4885
1160 4972
1170 4549
1180 4975
1190 4986
1200 5489
1210 5161
1220 4941
1230 5431
1240 5230
1250 5272
1260 5255
1270 5408
1280 5338
1290 5336
1300 5021
1310 5388
1320 4719
1330 5101
1340 4958
1350 4956
1360 4791
1370 5199
1380 5042
1390 4383
1400 5098
1410 5394
1420 5119
1430 3156
1440 4485
1450 4596
1460 3827
1470 4652
1480 5236
1490 5267
1500 5442
1510 4832
1520 5206
1530 5271
1540 5261
1550 5580
1560 5443
1570 5365
1580 5149
1590 3563
1600 3879
1610 5440
1620 5209
1630 5117
1640 4888
1650 4745
1660 4977
1670 5060
1680 4974
1690 4691
1700 5255
1710 4589
1720 5251
1730 4947
1740 4195
1750 4726
1760 4893
1770 4992
1780 4375
1790 4047
1800 4818
1810 3744
1820 3976
1830 4656
1840 4704
1850 4862
1860 3879
1870 4826
1880 3795
1890 4342
1900 5154
1910 3810
1920 5291
1930 5412
1940 4496
1950 4829
1960 5547
1970 4735
1980 4958
1990 5335
2000 4508
2010 5062
2020 5258
2030 5201
2040 3665
2050 4765
2060 5263
2070 4748
2080 5574
2090 4995
2100 4579
2110 3202
2120 4803
2130 4687
2140 5229
2150 5049
2160 5603
2170 5054
2180 5395
2190 4737
2200 4844
2210 4785
2220 5195
2230 5485
2240 4678
2250 5186
2260 3270
2270 4563
2280 5153
2290 4377
2300 3716
2310 3801
2320 3943
2330 3572
2340 3456
2350 4614
2360 5211
2370 4793
2380 4172
2390 4178
2400 5288
2410 4876
2420 5073
2430 4739
2440 5391
2450 5751
2460 5160
2470 4851
2480 4775
2490 3905
2500 4975
2510 5239
2520 5376
2530 5563
2540 5531
2550 4467
2560 5342
2570 5036
2580 4161
2590 5152
2600 5093
2610 5570
2620 5575
2630 5317
2640 4597
2650 5126
2660 5314
2670 5515
2680 5286
2690 5189
2700 5358
2710 5341
2720 5416
2730 5482
2740 5370
2750 5467
2760 5594
2770 4653
2780 4544
2790 5419
2800 5645
2810 5845
2820 5809
2830 5822
2840 5663
2850 4641
2860 5312
2870 5319
2880 5145
2890 5192
2900 5502
2910 5246
2920 4785
2930 5152
2940 5091
2950 5145
2960 4381
2970 5384
2980 5452
2990 4852
3000 5478
3010 4667
3020 4968
3030 5133
3040 4711
3050 5180
3060 5486
3070 5133
3080 5585
3090 5435
3100 4718
3110 5175
3120 5067
3130 5024
3140 5147
3150 5163
3160 5400
3170 5169
3180 5374
3190 5627
3200 5541
3210 5454
3220 5334
3230 5417
3240 5293
3250 5519
3260 4438
3270 4699
3280 3953
3290 5658
3300 5459
3310 5703
3320 5279
3330 5294
3340 5540
3350 3928
3360 5392
3370 5402
3380 5796
3390 5535
3400 4962
3410 4292
3420 3784
3430 6020
3440 6217
3450 5968
3460 5680
3470 5924
3480 5883
3490 6059
3500 5891
3510 5963
3520 5955
3530 5846
3540 5216
3550 6006
3560 6032
3570 6228
3580 5637
3590 6011
3600 6184
3610 6417
3620 6101
3630 5840
3640 5913
3650 6105
3660 6142
3670 6005
3680 6181
3690 6384
3700 6145
3710 6202
3720 6166
3730 6470
3740 6176
3750 5411
3760 5709
3770 6068
3780 6069
3790 6207
3800 6513
3810 6097
3820 6094
3830 6112
3840 6601
3850 6093
3860 5466
3870 5880
3880 6118
3890 5627
3900 6471
3910 5294
3920 5566
3930 5669
3940 5648
3950 5750
3960 5126
3970 4883
3980 5960
3990 5847
4000 6049
4010 6191
4020 6414
4030 6163
4040 6415
4050 6239
4060 6484
4070 6247
4080 6489
4090 6369
4100 6129
4110 5711
4120 6175
4130 6214
4140 4628
4150 6008
4160 6534
4170 6763
4180 6753
4190 6592
4200 6481
4210 6404
4220 6419
4230 6468
4240 6470
4250 6524
4260 6558
4270 6448
4280 6226
4290 6379
4300 6225
4310 6309
4320 6371
4330 6914
4340 6488
4350 6430
4360 6416
4370 6586
4380 6595
4390 6569
4400 6312
4410 6117
4420 6164
4430 5806
4440 6058
4450 6121
4460 6773
4470 6457
4480 6773
4490 6097
4500 7241
4510 7100
4520 6900
4530 6539
4540 6380
4550 6067
4560 6074
4570 7025
4580 6622
4590 6252
4600 6204
4610 6341
4620 6276
4630 6388
4640 6316
4650 6415
4660 6281
4670 6159
4680 6237
4690 6368
4700 6351
4710 6194
4720 6248
4730 6454
4740 6102
4750 6381
4760 6342
4770 6189
4780 6319
4790 6193
4800 6237
4810 6399
4820 6419
4830 6331
4840 6421
4850 6366
4860 6398
4870 6651
4880 6604
4890 6153
4900 5879
4910 6191
4920 6677
4930 6022
4940 6153
4950 6168
4960 6568
4970 6705
4980 6233
4990 6301
5000 6493
5010 6473
5020 6548
5030 6174
5040 6489
5050 5947
5060 5784
5070 5850
5080 6329
5090 6085
5100 5008
5110 5397
5120 6218
5130 6558
5140 6530
5150 6696
5160 6389
5170 6388
5180 6534
5190 6561
5200 6469
5210 6565
5220 6327
5230 6198
5240 6247
5250 6080
5260 6406
5270 6339
5280 6256
5290 5513
5300 5672
5310 5211
5320 4674
5330 4801
5340 5074
5350 4982
5360 4694
5370 3666
5380 5979
5390 5989
5400 5507
5410 5430
5420 6166
5430 5345
5440 5191
5450 4647
5460 5368
5470 5775
5480 5876
5490 5702
5500 5380
5510 6091
5520 4266
5530 4124
5540 5676
5550 5993
5560 6109
5570 5971
5580 6215
5590 5982
5600 4438
5610 5258
5620 5089
5630 5332
5640 4666
5650 5868
5660 5946
5670 5854
