 490 4115.0
 490 4105.1
 490 4091.0
 490 4075.9
 490 4060.3
 490 4059.5
 500 4661.6
 500 4667.7
 500 4680.2
 500 4586.8
 500 4449.2
 500 4278.4
 500 4118.8
 510 3846.2
 510 3820.7
 510 3831.9
 510 3874.4
 510 3924.8
 510 4018.5
 510 4083.9
 520 4517.4
 520 4534.0
 520 4540.2
 520 4469.8
 520 4390.2
 520 4296.6
 530 4229.6
 530 4548.6
 530 4880.7
 530 4913.4
 530 4928.8
 530 4954.5
 530 5011.6
 540 4537.8
 540 4492.4
 540 4441.1
 540 4411.8
 540 4449.4
 540 4506.3
 550 4486.1
 550 4454.1
 550 4402.0
 550 4389.9
 550 4382.9
 550 4377.0
 560 4480.1
 560 4406.6
 560 4394.4
 560 4349.9
 560 4275.7
 560 4152.6
 560 4160.6
 570 4733.0
 570 4688.8
 570 4628.1
 570 4468.4
 570 4394.1
 570 4343.2
 580 4902.9
 580 5005.7
 580 5096.4
 580 5073.1
 580 5031.9
 580 4993.0
 580 4970.1
 590 4821.0
 590 4803.0
 590 4787.0
 590 4770.3
 590 4746.5
 590 4676.9
 590 4646.6
 600 4354.8
 600 4363.5
 600 4298.0
 600 4276.0
 600 4285.3
 600 4325.6
 610 4498.6
 610 4507.7
 610 4509.1
 610 4505.5
 610 4497.0
 610 4486.2
 610 4465.8
 620 4840.0
 620 4886.3
 620 4910.0
 620 4916.7
 620 4901.2
 620 4875.1
 630 5249.8
 630 5286.3
 630 5312.5
 630 5342.9
 630 5348.1
 630 5333.0
 630 5268.3
 640 4082.0
 640 4025.8
 640 3980.1
 640 3974.6
 640 4032.7
 640 4300.8
 640 4467.2
 650 4914.2
 650 4851.6
 650 4799.2
 650 4816.8
 650 4898.0
 650 4996.1
 660 4569.8
 660 4653.4
 660 4670.3
 660 4656.2
 660 4675.3
 660 4745.0
 660 4935.3
 670 4992.4
 670 5056.6
 670 5117.4
 670 5156.8
 670 5204.7
 670 5240.1
 670 5286.2
 680 4567.9
 680 4654.8
 680 4694.8
 680 4678.7
 680 4671.0
 680 4685.1
 690 5480.7
 690 5470.0
 690 5321.9
 690 5036.6
 690 4627.9
 690 4196.4
 690 3593.1
 700 3632.3
 700 3664.8
 700 3700.8
 700 3806.8
 700 3889.3
 700 3984.5
 710 4475.0
 710 4429.5
 710 4298.2
 710 4245.2
 710 4218.7
 710 4225.1
 710 4257.9
 720 4768.8
 720 4735.3
 720 4700.1
 720 4677.3
 720 4682.1
 720 4772.0
 720 4838.8
 730 5222.0
 730 5030.4
 730 4865.0
 730 4657.1
 730 4611.9
 730 4594.3
 740 5027.1
 740 4892.3
 740 4776.6
 740 4674.6
 740 4609.0
 740 4590.3
 740 4666.6
 750 4890.9
 750 4989.8
 750 5022.8
 750 4993.9
 750 4824.1
 750 4730.9
 760 3846.5
 760 3780.1
 760 3753.8
 760 3834.0
 760 3921.2
 760 4025.9
 760 4146.1
 770 4494.8
 770 4763.7
 770 4850.7
 770 4887.4
 770 4888.0
 770 4903.1
 770 4950.9
 780 4539.1
 780 4593.1
 780 4663.1
 780 4781.0
 780 4792.2
 780 4778.3
 790 4025.4
 790 3772.5
 790 3308.6
 790 3107.7
 790 2938.7
 790 2821.2
 790 2825.7
 800 3809.8
 800 3715.6
 800 3639.6
 800 3598.1
 800 3637.2
 800 3706.6
 800 3782.9
 810 4027.8
 810 3994.5
 810 3921.8
 810 3912.1
 810 3926.6
 810 3960.5
 820 4843.7
 820 4782.1
 820 4790.4
 820 4838.9
 820 4930.4
 820 5036.5
 820 5135.5
 830 4411.1
 830 4461.8
 830 4570.0
 830 4869.2
 830 4988.1
 830 5026.2
 840 4330.7
 840 4394.2
 840 4589.2
 840 4708.3
 840 4798.1
 840 4831.5
 840 4813.1
 850 4846.5
 850 4828.7
 850 4801.8
 850 4789.5
 850 4808.1
 850 4942.8
 850 5026.7
 860 3597.8
 860 3670.1
 860 3701.6
 860 3515.0
 860 3321.8
 860 3137.6
 870 4450.0
 870 4593.9
 870 4765.3
 870 4776.2
 870 4775.5
 870 4783.4
 870 4769.8
 880 4587.9
 880 4616.0
 880 4645.9
 880 4689.3
 880 4797.8
 880 4827.8
 890 5002.3
 890 5012.5
 890 5014.5
 890 5000.8
 890 4953.5
 890 4837.5
 900 4622.5
 900 4656.4
 900 4694.6
 900 4749.4
 900 4829.2
 900 5020.3
 900 5096.1
 910 5084.4
 910 5161.5
 910 5215.0
 910 5221.9
 910 5187.1
 910 5147.5
 920 5381.8
 920 5291.4
 920 5107.0
 920 5042.6
 920 5001.4
 920 4971.1
 920 4932.2
 930 3940.4
 930 3769.9
 930 3634.5
 930 3568.8
 930 3649.0
 930 3777.1
 930 3924.3
 940 4922.7
 940 4815.9
 940 4666.5
 940 4655.6
 940 4660.6
 940 4664.0
 950 4867.8
 950 4753.0
 950 4744.2
 950 4748.8
 950 4757.4
 950 4764.2
 950 4767.6
 960 5465.0
 960 5399.1
 960 5298.9
 960 5168.3
 960 4893.8
 960 4812.8
 970 4860.2
 970 4889.0
 970 4991.2
 970 5057.7
 970 5105.1
 970 5108.0
 970 5045.6
 980 4220.7
 980 4235.4
 980 4262.0
 980 4292.3
 980 4319.8
 980 4374.2
 980 4415.2
 990 4392.1
 990 4355.7
 990 4320.8
 990 4292.9
 990 4308.2
 990 4334.3
1000 4547.7
1000 4634.3
1000 4861.4
1000 4966.6
1000 5042.9
1000 5078.1
1000 5028.5
1010 4486.2
1010 4373.1
1010 4297.2
1010 4255.0
1010 4195.5
1010 4151.7
1020 4547.6
1020 4540.2
1020 4400.2
1020 4268.5
1020 4137.5
1020 4041.4
1030 4471.7
1030 4501.8
1030 4517.2
1030 4526.1
1030 4527.6
1030 4520.4
1030 4512.4
1040 5099.0
1040 5077.8
1040 5056.0
1040 5075.6
1040 5124.0
1040 5162.2
1050 4687.6
1050 4638.8
1050 4461.2
1050 4375.6
1050 4334.0
1050 4343.4
1050 4388.3
1060 4638.8
1060 4615.1
1060 4625.7
1060 4661.0
1060 4692.3
1060 4619.2
1060 4525.9
1070 4481.4
1070 4510.5
1070 4514.5
1070 4488.9
1070 4451.4
1070 4405.8
1080 4726.2
1080 4634.8
1080 4534.8
1080 4434.3
1080 4358.1
1080 4322.2
1080 4349.2
1090 4271.3
1090 4336.4
1090 4388.3
1090 4407.8
1090 4339.0
1090 4271.3
1100 4427.3
1100 4469.1
1100 4522.5
1100 4603.5
1100 4624.3
1100 4642.7
1100 4666.6
1110 4165.6
1110 4083.7
1110 4031.2
1110 4021.2
1110 4060.8
1110 4260.2
1110 4381.4
1120 5072.2
1120 5102.4
1120 5140.6
1120 5184.8
1120 5160.0
1120 5106.6
1130 4311.6
1130 4370.5
1130 4543.4
1130 4592.6
1130 4597.8
1130 4563.3
1130 4470.3
1140 4933.7
1140 4914.3
1140 4916.0
1140 4943.2
1140 5027.5
1140 5052.0
1150 4715.4
1150 4727.3
1150 4844.1
1150 4926.1
1150 4990.8
1150 5020.2
1160 5094.7
1160 5032.0
1160 5001.2
1160 4971.5
1160 4937.8
1160 4837.3
1160 4772.7
1170 4485.8
1170 4442.9
1170 4451.6
1170 4612.4
1170 4722.8
1170 4806.6
1180 5120.1
1180 5083.8
1180 5004.0
1180 4975.3
1180 4961.7
1180 4965.7
1180 4972.5
1190 5113.3
1190 5080.3
1190 5035.7
1190 4985.9
1190 4940.8
1190 4897.3
1190 4915.2
1200 5526.2
1200 5536.4
1200 5503.6
1200 5474.7
1200 5452.7
1200 5443.9
1210 4906.1
1210 5054.6
1210 5120.6
1210 5161.4
1210 5179.0
1210 5190.0
1210 5259.8
1220 5042.7
1220 5009.4
1220 4962.0
1220 4920.7
1220 4859.4
1220 4774.9
1230 5502.8
1230 5520.2
1230 5514.0
1230 5431.0
1230 5370.6
1230 5312.3
1230 5267.8
1240 4905.1
1240 5051.9
1240 5146.8
1240 5230.2
1240 5289.1
1240 5361.0
1240 5386.0
1250 5452.2
1250 5392.6
1250 5320.0
1250 5221.2
1250 5214.1
1250 5224.5
1260 5177.6
1260 5134.8
1260 5195.1
1260 5258.1
1260 5304.2
1260 5313.7
1260 5255.3
1270 5490.6
1270 5468.7
1270 5443.1
1270 5407.7
1270 5302.7
1270 5247.7
1270 5201.5
1280 5385.7
1280 5423.4
1280 5392.1
1280 5290.2
1280 5139.5
1280 4966.1
1290 5258.3
1290 5251.0
1290 5278.0
1290 5335.6
1290 5418.4
1290 5503.1
1290 5651.1
1300 5168.3
1300 5017.5
1300 4913.0
1300 4931.9
1300 5024.7
1300 5118.5
1310 5265.8
1310 5323.6
1310 5401.4
1310 5405.5
1310 5397.2
1310 5387.6
1310 5384.6
1320 4880.7
1320 4718.8
1320 4581.0
1320 4511.9
1320 4545.4
1320 4896.9
1320 5146.0
1330 5181.5
1330 5160.3
1330 5134.3
1330 5066.8
1330 5030.2
1330 4999.5
1340 5135.3
1340 5077.2
1340 5021.7
1340 4958.3
1340 4898.3
1340 4857.6
1340 4841.7
1350 4940.7
1350 4947.2
1350 4953.4
1350 4958.8
1350 4967.6
1350 4973.8
1360 4768.5
1360 4761.9
1360 4760.2
1360 4790.7
1360 4837.1
1360 4904.7
1360 4986.5
1370 5146.6
1370 5363.5
1370 5324.5
1370 5252.5
1370 5199.0
1370 5110.8
1370 5010.6
1380 4840.7
1380 4952.4
1380 5040.3
1380 5115.7
1380 5105.6
1380 5044.3
1390 4576.0
1390 4519.6
1390 4382.9
1390 4313.9
1390 4265.8
1390 4280.0
1390 4509.0
1400 4842.6
1400 4901.9
1400 4988.1
1400 5098.4
1400 5330.8
1400 5413.0
1400 5442.1
1410 5413.4
1410 5472.4
1410 5447.9
1410 5375.2
1410 5278.8
1410 5172.2
1420 5130.7
1420 5153.6
1420 5141.7
1420 5119.2
1420 5094.6
1420 5080.2
1420 5108.1
1430 3193.8
1430 3011.2
1430 2987.7
1430 3118.7
1430 3811.7
1430 4289.9
1440 4641.7
1440 4667.7
1440 4610.4
1440 4484.9
1440 4330.0
1440 4191.9
1440 4122.9
1450 4411.3
1450 4485.7
1450 4581.1
1450 4657.0
1450 4685.2
1450 4636.7
1450 4595.8
1460 3701.1
1460 3630.6
1460 3673.5
1460 3952.0
1460 4127.7
1460 4302.0
1470 4634.3
1470 4697.5
1470 4689.2
1470 4652.3
1470 4628.1
1470 4639.8
1470 4784.4
1480 5283.9
1480 5277.4
1480 5253.2
1480 5219.4
1480 5182.8
1480 5209.9
1490 5209.6
1490 5196.8
1490 5267.5
1490 5303.7
1490 5308.2
1490 5265.9
1500 5146.6
1500 5296.0
1500 5365.3
1500 5442.4
1500 5529.6
1500 5652.5
1500 5639.8
1510 4668.4
1510 4751.1
1510 4804.8
1510 4858.2
1510 4885.8
1510 4924.9
1520 5226.7
1520 5220.7
1520 5184.0
1520 5171.2
1520 5175.7
1520 5205.5
1520 5257.4
1530 4682.7
1530 4960.0
1530 5207.5
1530 5353.9
1530 5366.0
1530 5318.6
1530 5271.2
1540 5451.2
1540 5409.0
1540 5291.7
1540 5230.1
1540 5175.6
1540 5131.3
1550 5510.2
1550 5663.3
1550 5662.1
1550 5627.5
1550 5579.6
1550 5535.9
1550 5461.4
1560 5339.3
1560 5347.4
1560 5403.0
1560 5482.6
1560 5624.7
1560 5665.1
1570 5193.7
1570 5275.9
1570 5364.8
1570 5462.0
1570 5439.5
1570 5377.2
1570 5304.1
1580 5048.4
1580 5054.6
1580 5086.6
1580 5148.6
1580 5221.1
1580 5323.9
1580 5355.6
1590 3571.4
1590 3441.9
1590 3379.9
1590 3553.8
1590 3811.8
1590 4165.9
1600 4025.4
1600 3852.7
1600 3674.9
1600 3728.4
1600 3879.4
1600 4111.7
1600 4609.9
1610 5103.6
1610 5281.0
1610 5405.4
1610 5474.7
1610 5525.5
1610 5533.1
1620 5167.9
1620 5150.0
1620 5187.5
1620 5230.7
1620 5276.2
1620 5314.5
1630 5117.4
1630 5078.1
1630 5088.4
1630 5106.6
1630 5135.6
1630 5271.5
1630 5393.9
1640 4707.8
1640 4730.8
1640 4797.4
1640 4977.6
1640 5020.7
1640 5020.1
1650 4547.3
1650 4531.9
1650 4711.1
1650 4814.6
1650 4856.6
1650 4821.3
1650 4745.4
1660 5034.9
1660 4975.7
1660 4948.1
1660 4948.9
1660 4977.3
1660 5153.3
1660 5313.4
1670 5000.3
1670 5051.0
1670 5127.3
1670 5116.2
1670 5069.8
1670 5002.5
1680 5064.8
1680 5085.8
1680 5039.6
1680 4973.8
1680 4897.7
1680 4814.3
1680 4638.6
1690 4801.7
1690 4694.9
1690 4624.7
1690 4608.8
1690 4686.7
1690 4741.9
1700 5116.2
1700 5231.5
1700 5314.5
1700 5346.1
1700 5307.7
1700 5255.0
1700 5201.0
1710 4691.2
1710 4670.8
1710 4631.4
1710 4588.7
1710 4561.8
1710 4553.8
1710 4545.3
1720 5470.7
1720 5430.6
1720 5351.5
1720 5151.4
1720 5063.3
1720 4997.4
1730 5421.4
1730 5262.8
1730 4985.2
1730 4914.8
1730 4898.2
1730 4920.1
1730 4947.4
1740 4236.5
1740 4205.1
1740 4170.4
1740 4154.5
1740 4186.9
1740 4203.4
1750 4252.4
1750 4427.9
1750 4657.6
1750 4793.7
1750 4926.5
1750 4993.0
1760 4764.5
1760 4852.2
1760 4925.1
1760 4972.7
1760 4963.0
1760 4892.5
1760 4644.1
1770 5102.4
1770 5025.0
1770 4976.1
1770 4971.5
1770 4989.1
1770 4994.5
1780 4496.1
1780 4474.9
1780 4417.5
1780 4375.0
1780 4323.5
1780 4271.2
1780 4231.0
1790 3515.8
1790 3618.0
1790 3797.9
1790 4047.3
1790 4331.6
1790 4782.2
1790 4849.5
1800 5208.6
1800 5176.9
1800 5053.1
1800 4583.7
1800 4302.0
1800 4054.3
1810 3743.6
1810 3684.5
1810 3683.7
1810 3724.0
1810 3823.9
1810 3999.1
1810 4500.5
1820 3982.5
1820 3930.9
1820 3920.4
1820 3969.1
1820 4191.3
1820 4313.8
1830 3786.5
1830 4031.9
1830 4281.1
1830 4656.3
1830 4775.7
1830 4884.1
1830 4997.9
1840 4718.8
1840 4834.6
1840 4794.5
1840 4704.2
1840 4605.0
1840 4505.5
1840 4530.5
1850 4482.7
1850 4570.3
1850 4719.3
1850 5005.9
1850 5045.0
1850 5005.2
1860 3854.5
1860 3652.0
1860 3716.8
1860 3879.4
1860 4031.6
1860 4133.4
1860 4331.6
1870 4858.5
1870 4876.0
1870 4868.5
1870 4825.8
1870 4640.3
1870 4516.0
1870 4409.0
1880 3818.5
1880 3770.7
1880 3733.7
1880 3759.8
1880 3832.9
1880 3965.7
1890 4598.2
1890 4365.4
1890 4280.2
1890 4246.1
1890 4270.6
1890 4342.0
1890 4560.3
1900 5071.1
1900 5167.2
1900 5221.7
1900 5204.5
1900 5140.1
1900 5043.6
1910 3495.9
1910 3474.6
1910 3641.1
1910 3810.4
1910 4011.1
1910 4226.8
1910 4435.3
1920 5207.4
1920 5290.6
1920 5357.5
1920 5384.6
1920 5361.9
1920 5220.3
1920 5145.3
1930 5369.4
1930 5417.7
1930 5445.1
1930 5459.6
1930 5406.6
1930 5288.8
1940 4452.2
1940 4416.0
1940 4437.1
1940 4495.7
1940 4572.0
1940 4649.7
1940 4754.0
1950 4933.5
1950 4868.8
1950 4807.0
1950 4767.6
1950 4788.4
1950 4850.0
1960 5636.7
1960 5634.8
1960 5565.8
1960 5527.2
1960 5502.0
1960 5493.1
1970 4484.7
1970 4738.5
1970 4734.7
1970 4721.2
1970 4728.4
1970 4769.1
1970 4805.3
1980 4785.9
1980 4924.9
1980 4995.1
1980 4999.6
1980 4972.1
1980 4943.3
1990 5530.4
1990 5509.1
1990 5390.2
1990 5334.7
1990 5303.5
1990 5292.6
1990 5278.5
2000 4389.0
2000 4437.1
2000 4477.2
2000 4507.7
2000 4573.2
2000 4620.1
2000 4667.2
2010 5379.9
2010 5316.7
2010 5120.0
2010 5003.1
2010 4873.3
2010 4730.8
2020 5204.6
2020 5272.4
2020 5291.3
2020 5289.5
2020 5258.3
2020 5199.1
2020 5046.4
2030 5290.8
2030 5284.6
2030 5235.3
2030 5166.4
2030 5082.0
2030 5106.4
2040 3600.5
2040 3460.4
2040 3504.0
2040 3665.4
2040 3861.5
2040 4037.6
2040 4132.8
2050 4338.7
2050 4485.0
2050 4644.8
2050 4765.4
2050 4821.0
2050 4838.6
2050 4850.3
2060 5585.2
2060 5523.5
2060 5411.3
2060 5115.6
2060 4951.6
2060 4790.0
2070 4314.6
2070 4404.0
2070 4642.0
2070 4747.6
2070 4816.8
2070 4850.2
2070 4882.5
2080 5381.5
2080 5552.0
2080 5670.6
2080 5711.6
2080 5596.6
2080 5497.6
2090 5141.5
2090 5108.9
2090 5022.7
2090 4968.2
2090 4921.4
2090 4900.9
2100 5039.8
2100 4753.5
2100 4662.0
2100 4578.6
2100 4444.6
2100 4004.2
2100 3803.7
2110 4279.3
2110 3805.1
2110 3409.1
2110 2976.6
2110 2943.8
2110 2994.7
2120 4664.7
2120 4731.6
2120 4802.9
2120 4842.9
2120 4861.2
2120 4826.8
2120 4723.6
2130 4798.4
2130 4754.9
2130 4687.3
2130 4608.3
2130 4550.8
2130 4606.4
2130 4735.3
2140 5237.2
2140 5299.5
2140 5350.3
2140 5221.1
2140 4959.8
2140 4603.0
2150 4897.5
2150 4989.6
2150 5016.5
2150 5048.8
2150 5101.7
2150 5183.2
2150 5356.7
2160 5645.3
2160 5611.0
2160 5590.0
2160 5583.4
2160 5598.0
2160 5607.5
2170 5047.8
2170 4988.6
2170 4968.0
2170 5053.8
2170 5115.7
2170 5154.5
2170 5151.3
2180 5451.0
2180 5421.8
2180 5408.9
2180 5394.7
2180 5349.6
2180 5117.8
2180 4940.4
2190 4667.8
2190 4705.7
2190 4723.5
2190 4750.6
2190 4777.6
2190 4812.9
2200 4687.1
2200 4732.3
2200 4839.1
2200 4863.2
2200 4861.6
2200 4844.0
2200 4846.6
2210 4642.6
2210 4713.2
2210 4770.4
2210 4799.9
2210 4813.1
2210 4804.5
2220 5186.1
2220 5208.6
2220 5221.7
2220 5204.6
2220 5162.1
2220 5097.3
2230 5371.1
2230 5436.6
2230 5503.6
2230 5562.4
2230 5581.1
2230 5485.3
2230 5409.1
2240 4589.3
2240 4550.3
2240 4566.2
2240 4766.1
2240 4880.5
2240 4941.4
2250 5074.2
2250 5096.1
2250 5162.3
2250 5186.2
2250 5207.0
2250 5230.5
2250 5254.1
2260 3958.8
2260 3636.4
2260 3397.2
2260 3270.1
2260 3228.2
2260 3228.3
2260 3217.9
2270 4419.4
2270 4336.1
2270 4454.3
2270 4671.9
2270 4948.5
2270 5238.2
2280 5357.3
2280 5248.0
2280 5152.7
2280 5074.7
2280 5036.4
2280 5052.0
2280 5194.3
2290 3927.3
2290 4146.4
2290 4447.9
2290 4695.7
2290 4589.7
2290 4305.9
2300 3686.3
2300 3488.5
2300 3417.3
2300 3716.3
2300 4060.4
2300 4442.4
2300 4756.7
2310 3124.0
2310 3191.5
2310 3435.0
2310 3801.2
2310 4225.1
2310 4637.2
2310 4368.6
2320 3961.6
2320 3853.5
2320 3829.1
2320 3951.4
2320 3978.1
2320 3933.7
2330 4202.7
2330 3955.3
2330 3572.3
2330 3472.7
2330 3436.0
2330 3472.1
2330 3740.4
2340 3463.0
2340 3195.6
2340 3077.7
2340 3112.6
2340 3455.9
2340 3651.1
2340 3761.7
2350 4660.5
2350 4530.1
2350 4499.8
2350 4577.6
2350 4650.7
2350 4679.2
2360 5077.8
2360 5185.3
2360 5198.2
2360 5210.6
2360 5235.2
2360 5273.9
2360 5345.5
2370 4697.1
2370 4794.6
2370 4881.3
2370 4880.2
2370 4792.2
2370 4695.1
2380 5078.1
2380 4984.5
2380 4489.5
2380 4171.5
2380 3918.2
2380 3792.6
2380 3824.1
2390 4363.6
2390 4384.7
2390 4330.5
2390 4177.6
2390 3955.1
2390 3512.8
2390 3378.1
2400 5285.3
2400 5290.7
2400 5304.9
2400 5311.8
2400 5262.5
2400 5175.2
2410 4558.8
2410 4683.8
2410 4787.4
2410 4875.8
2410 4943.4
2410 4996.1
2410 5088.1
2420 5011.3
2420 5005.8
2420 5039.5
2420 5106.6
2420 5202.6
2420 5147.2
2430 4373.3
2430 4513.9
2430 4645.5
2430 4739.2
2430 4740.9
2430 4786.4
2430 4918.0
2440 5650.1
2440 5587.4
2440 5495.3
2440 5391.1
2440 5312.6
2440 5309.5
2440 5373.1
2450 5659.6
2450 5682.1
2450 5708.7
2450 5793.9
2450 5833.9
2450 5856.0
2460 5394.2
2460 5340.3
2460 5221.7
2460 5160.0
2460 5108.4
2460 5077.3
2460 5107.8
2470 4616.6
2470 4630.7
2470 4707.9
2470 4851.4
2470 5188.9
2470 5271.5
2470 5290.4
2480 4971.3
2480 4974.1
2480 4824.8
2480 4726.0
2480 4658.9
2480 4644.0
2490 5346.1
2490 4587.0
2490 4201.8
2490 3905.4
2490 3729.7
2490 3658.9
2490 3627.5
2500 5147.0
2500 5013.8
2500 4905.1
2500 4854.7
2500 4937.0
2500 5035.4
2510 5239.0
2510 5183.4
2510 5150.2
2510 5186.3
2510 5239.5
2510 5294.4
2510 5338.8
2520 4541.5
2520 4868.8
2520 5166.2
2520 5375.5
2520 5481.6
2520 5509.3
2520 5478.0
2530 5505.1
2530 5543.4
2530 5581.3
2530 5610.0
2530 5586.6
2530 5543.7
2540 5684.3
2540 5676.3
2540 5608.5
2540 5531.2
2540 5436.4
2540 5357.1
2540 5340.3
2550 4839.9
2550 4708.1
2550 4556.5
2550 4377.9
2550 3994.8
2550 3831.0
2560 5193.1
2560 5211.2
2560 5312.2
2560 5371.6
2560 5414.8
2560 5427.7
2570 4889.3
2570 5036.3
2570 5069.2
2570 5068.6
2570 5043.9
2570 4998.4
2570 4995.1
2580 4154.3
2580 4225.2
2580 4265.9
2580 4167.7
2580 4026.6
2580 3870.3
2590 5199.5
2590 5152.0
2590 5090.1
2590 5101.6
2590 5136.7
2590 5182.2
2590 5222.0
2600 4962.1
2600 4979.0
2600 5022.1
2600 5092.6
2600 5262.8
2600 5337.4
2600 5397.7
2610 5368.7
2610 5409.5
2610 5540.4
2610 5600.5
2610 5636.2
2610 5647.3
2620 5352.9
2620 5441.9
2620 5507.5
2620 5577.9
2620 5629.6
2620 5642.8
2620 5575.3
2630 5534.6
2630 5475.9
2630 5397.9
2630 5236.8
2630 4610.2
2630 4260.3
2640 4015.9
2640 4046.4
2640 4369.2
2640 4596.5
2640 4794.5
2640 4933.6
2640 5013.1
2650 5251.7
2650 5126.4
2650 5039.3
2650 5025.1
2650 5096.8
2650 5386.6
2650 5501.9
2660 5172.2
2660 5238.6
2660 5294.7
2660 5353.4
2660 5351.3
2660 5334.0
2670 5425.8
2670 5444.2
2670 5488.0
2670 5515.4
2670 5543.2
2670 5560.9
2670 5548.7
2680 5350.9
2680 5317.3
2680 5288.1
2680 5269.9
2680 5269.2
2680 5284.8
2690 5293.0
2690 5186.7
2690 5041.4
2690 5076.4
2690 5192.2
2690 5363.9
2700 5799.6
2700 5538.9
2700 5391.2
2700 5290.5
2700 5251.4
2700 5308.5
2700 5357.8
2710 5315.7
2710 5290.9
2710 5297.0
2710 5366.0
2710 5394.6
2710 5408.1
2720 5274.3
2720 5290.3
2720 5365.1
2720 5415.6
2720 5456.9
2720 5472.8
2720 5455.1
2730 5823.1
2730 5715.8
2730 5595.0
2730 5481.6
2730 5397.1
2730 5327.4
2730 5319.8
2740 5456.1
2740 5433.6
2740 5380.2
2740 5359.3
2740 5346.6
2740 5342.9
2750 5501.7
2750 5553.4
2750 5521.3
2750 5466.5
2750 5404.4
2750 5347.5
2750 5271.0
2760 5664.1
2760 5614.0
2760 5567.9
2760 5540.2
2760 5574.7
2760 5620.5
2770 5201.4
2770 4938.9
2770 4713.3
2770 4524.3
2770 4545.9
2770 4599.6
2770 4652.8
2780 4646.1
2780 4524.7
2780 4449.2
2780 4454.0
2780 4544.0
2780 4815.2
2780 4926.1
2790 5408.6
2790 5415.8
2790 5419.6
2790 5417.7
2790 5419.7
2790 5432.2
2800 5280.6
2800 5395.6
2800 5645.0
2800 5714.5
2800 5729.4
2800 5688.6
2800 5488.2
2810 5694.3
2810 5793.6
2810 5896.2
2810 5973.9
2810 5926.3
2810 5792.6
2820 5786.3
2820 5891.6
2820 5926.0
2820 5831.9
2820 5685.0
2820 5509.1
2830 5872.0
2830 5882.0
2830 5855.9
2830 5822.2
2830 5789.6
2830 5752.7
2830 5754.4
2840 5640.2
2840 5685.9
2840 5732.8
2840 5714.5
2840 5635.5
2840 5529.9
2850 4397.0
2850 4481.0
2850 4590.4
2850 4640.7
2850 4719.4
2850 4833.2
2850 4938.7
2860 5245.0
2860 5259.6
2860 5283.5
2860 5312.3
2860 5338.2
2860 5406.0
2860 5459.0
2870 5174.4
2870 5287.6
2870 5390.3
2870 5430.1
2870 5350.0
2870 5239.9
2880 5130.7
2880 5049.7
2880 5075.3
2880 5144.5
2880 5240.4
2880 5333.6
2880 5421.8
2890 5168.5
2890 5166.8
2890 5179.3
2890 5204.3
2890 5272.6
2890 5296.4
2900 5756.5
2900 5672.7
2900 5591.7
2900 5501.6
2900 5492.7
2900 5489.9
2900 5480.9
2910 5333.4
2910 5301.9
2910 5272.8
2910 5245.7
2910 5234.3
2910 5244.9
2910 5236.8
2920 4910.8
2920 4885.6
2920 4830.0
2920 4739.0
2920 4726.3
2920 4732.3
2930 4980.1
2930 5005.2
2930 5096.7
2930 5151.6
2930 5201.5
2930 5231.8
2930 5174.8
2940 5090.9
2940 5083.2
2940 5084.5
2940 5089.8
2940 5097.6
2940 5104.0
2940 5118.7
2950 5495.4
2950 5425.4
2950 5212.4
2950 5077.7
2950 4957.9
2950 4882.5
2960 4858.2
2960 4750.4
2960 4617.5
2960 4381.4
2960 4076.6
2960 3802.4
2960 3600.5
2970 5372.4
2970 5358.2
2970 5366.3
2970 5399.2
2970 5402.5
2970 5394.6
2980 5345.1
2980 5318.8
2980 5397.4
2980 5458.5
2980 5493.9
2980 5487.8
2980 5451.7
2990 4921.4
2990 4877.3
2990 4833.7
2990 4803.6
2990 4798.6
2990 4852.0
2990 4894.0
3000 5543.2
3000 5582.0
3000 5562.3
3000 5413.3
3000 5354.8
3000 5344.5
3010 4877.3
3010 4693.6
3010 4637.4
3010 4617.6
3010 4631.7
3010 4667.3
3010 4730.3
3020 4786.2
3020 4880.5
3020 4957.1
3020 4995.2
3020 4988.1
3020 4979.8
3030 5184.0
3030 5134.1
3030 5137.0
3030 5131.4
3030 5074.4
3030 4970.6
3040 4648.1
3040 4691.5
3040 4712.8
3040 4718.9
3040 4711.1
3040 4703.6
3040 4731.4
3050 5094.9
3050 5126.0
3050 5163.0
3050 5222.1
3050 5222.0
3050 5197.6
3060 5517.3
3060 5527.2
3060 5454.7
3060 5422.9
3060 5429.7
3060 5485.7
3060 5570.6
3070 5122.0
3070 5129.5
3070 5147.6
3070 5172.5
3070 5180.1
3070 5133.1
3070 5062.9
3080 5620.4
3080 5577.2
3080 5559.1
3080 5573.1
3080 5592.0
3080 5614.2
3090 5649.9
3090 5556.8
3090 5495.7
3090 5434.5
3090 5373.7
3090 5302.0
3090 5099.6
3100 4784.6
3100 4774.7
3100 4744.9
3100 4691.5
3100 4555.8
3100 4501.9
3110 5171.4
3110 5197.0
3110 5174.7
3110 5165.0
3110 5173.0
3110 5198.7
3110 5226.5
3120 5025.0
3120 5047.4
3120 5059.6
3120 5066.7
3120 5070.9
3120 5075.3
3120 5075.2
3130 4966.4
3130 4956.5
3130 4973.7
3130 5073.6
3130 5128.3
3130 5170.7
3140 4951.7
3140 5119.7
3140 5204.8
3140 5179.5
3140 5152.7
3140 5138.4
3140 5147.4
3150 5074.4
3150 5073.0
3150 5118.8
3150 5207.5
3150 5399.4
3150 5440.6
3160 5578.9
3160 5579.8
3160 5457.5
3160 5343.3
3160 5232.7
3160 5161.9
3170 5168.8
3170 5089.3
3170 5092.1
3170 5150.0
3170 5257.5
3170 5492.7
3170 5566.9
3180 5330.6
3180 5371.9
3180 5391.4
3180 5385.3
3180 5376.5
3180 5371.3
3190 5818.5
3190 5767.2
3190 5664.5
3190 5627.1
3190 5594.7
3190 5558.9
3190 5511.5
3200 5319.5
3200 5348.1
3200 5430.0
3200 5541.4
3200 5711.9
3200 5736.9
3200 5734.0
3210 5207.4
3210 5234.1
3210 5412.8
3210 5494.4
3210 5535.9
3210 5536.5
3220 5571.9
3220 5391.0
3220 5304.8
3220 5259.9
3220 5271.3
3220 5334.3
3220 5513.6
3230 5298.4
3230 5400.1
3230 5503.3
3230 5563.2
3230 5433.4
3230 5218.1
3240 5292.7
3240 5361.9
3240 5390.4
3240 5306.8
3240 5249.0
3240 5226.5
3240 5258.1
3250 5259.3
3250 5417.1
3250 5500.5
3250 5521.6
3250 5518.5
3250 5547.9
3250 5579.7
3260 5286.3
3260 4991.6
3260 4657.7
3260 4168.8
3260 4122.2
3260 4218.8
3270 4947.1
3270 4901.3
3270 4699.0
3270 4591.7
3270 4531.3
3270 4558.3
3270 4797.1
3280 4545.9
3280 4306.9
3280 4053.6
3280 3852.0
3280 3714.4
3280 3765.1
3290 5600.0
3290 5570.0
3290 5627.9
3290 5688.2
3290 5723.5
3290 5700.9
3300 5402.1
3300 5436.6
3300 5448.5
3300 5458.9
3300 5473.4
3300 5514.3
3300 5523.0
3310 5692.4
3310 5676.9
3310 5676.3
3310 5713.8
3310 5731.5
3310 5732.1
3320 5214.2
3320 5215.6
3320 5258.9
3320 5279.3
3320 5306.7
3320 5353.9
3320 5425.5
3330 5334.8
3330 5294.1
3330 5266.0
3330 5263.8
3330 5291.5
3330 5411.5
3330 5470.1
3340 5616.9
3340 5639.1
3340 5580.9
3340 5498.6
3340 5416.4
3340 5361.7
3350 5020.7
3350 4219.8
3350 3928.3
3350 3746.6
3350 3673.2
3350 3703.3
3350 4020.5
3360 5397.4
3360 5395.5
3360 5393.3
3360 5391.4
3360 5391.2
3360 5390.2
3370 5724.7
3370 5668.0
3370 5575.3
3370 5384.6
3370 5339.5
3370 5344.1
3370 5402.2
3380 5658.3
3380 5796.3
3380 5850.7
3380 5877.1
3380 5862.7
3380 5770.5
3380 5736.3
3390 5595.7
3390 5625.3
3390 5614.0
3390 5474.7
3390 5397.6
3390 5353.3
3400 5184.6
3400 5142.7
3400 4961.5
3400 4869.7
3400 4821.9
3400 4842.3
3400 4980.1
3410 4003.0
3410 4050.6
3410 4162.8
3410 4291.9
3410 4407.2
3410 4379.5
3410 4347.7
3420 4069.1
3420 3791.6
3420 3560.3
3420 3629.9
3420 3776.3
3420 3951.5
3430 6033.4
3430 6005.8
3430 5984.9
3430 5988.6
3430 6019.9
3430 6063.1
3430 6073.3
3440 6255.5
3440 6244.9
3440 6221.0
3440 6201.9
3440 6206.1
3440 6212.7
3450 5935.5
3450 5977.9
3450 6003.0
3450 5990.9
3450 5968.2
3450 5936.8
3450 5903.3
3460 5595.4
3460 5609.5
3460 5638.4
3460 5680.4
3460 5724.4
3460 5782.7
3460 5794.8
3470 5996.0
3470 5982.6
3470 5955.1
3470 5893.4
3470 5875.7
3470 5877.6
3480 5877.8
3480 5868.4
3480 5867.7
3480 5883.3
3480 5917.2
3480 5952.9
3480 5976.1
3490 5859.3
3490 5954.9
3490 6054.1
3490 6113.7
3490 6104.7
3490 6063.5
3500 5784.3
3500 5773.6
3500 5788.5
3500 5891.4
3500 5968.3
3500 6042.8
3500 6077.0
3510 5988.1
3510 5951.3
3510 5940.9
3510 5945.1
3510 5965.0
3510 5984.1
3510 5963.3
3520 6126.9
3520 6063.6
3520 5996.8
3520 5909.0
3520 5899.1
3520 5914.1
3530 6017.4
3530 5996.9
3530 5899.3
3530 5845.7
3530 5804.2
3530 5785.7
3530 5796.1
3540 5311.5
3540 5215.5
3540 5114.6
3540 5039.5
3540 5087.0
3540 5231.4
3540 5451.3
3550 6069.4
3550 6067.4
3550 6028.5
3550 5983.6
3550 5924.2
3550 5866.4
3560 5949.4
3560 6027.8
3560 6049.7
3560 6055.9
3560 6047.0
3560 6031.7
3560 6017.5
3570 6027.1
3570 6106.0
3570 6194.2
3570 6262.2
3570 6300.5
3570 6284.3
3580 5695.0
3580 5654.8
3580 5615.4
3580 5611.5
3580 5617.8
3580 5636.8
3580 5668.6
3590 5906.9
3590 5957.5
3590 6015.4
3590 6062.8
3590 6074.6
3590 6011.1
3590 5961.9
3600 6135.3
3600 6124.4
3600 6136.0
3600 6232.7
3600 6288.3
3600 6313.6
3610 6430.7
3610 6395.0
3610 6368.2
3610 6381.4
3610 6417.4
3610 6474.5
3610 6556.8
3620 6093.3
3620 6122.6
3620 6128.2
3620 6108.8
3620 6053.0
3620 6027.5
3630 5897.1
3630 5869.9
3630 5796.0
3630 5785.1
3630 5809.6
3630 5869.9
3640 6055.2
3640 5984.3
3640 5933.0
3640 5892.8
3640 5888.0
3640 5913.4
3640 5903.3
3650 6117.0
3650 6085.9
3650 6067.2
3650 6093.7
3650 6131.4
3650 6171.0
3660 6007.0
3660 6075.2
3660 6163.7
3660 6171.3
3660 6158.1
3660 6141.6
3660 6137.2
3670 6004.8
3670 5990.4
3670 5978.8
3670 5973.3
3670 6007.8
3670 6054.5
3670 6116.3
3680 6295.7
3680 6270.4
3680 6196.8
3680 6164.3
3680 6146.5
3680 6152.2
3690 6266.7
3690 6254.1
3690 6305.3
3690 6383.5
3690 6466.5
3690 6528.9
3690 6574.6
3700 6288.6
3700 6181.6
3700 6084.4
3700 6038.3
3700 6107.5
3700 6200.0
3710 6106.0
3710 6131.2
3710 6201.7
3710 6222.1
3710 6224.1
3710 6207.2
3710 6179.3
3720 6235.3
3720 6209.9
3720 6185.6
3720 6166.0
3720 6153.3
3720 6145.0
3720 6148.6
3730 6366.2
3730 6420.0
3730 6462.8
3730 6492.7
3730 6485.4
3730 6476.3
3740 6206.3
3740 6175.8
3740 6131.4
3740 6129.7
3740 6145.9
3740 6179.9
3740 6250.0
3750 4902.2
3750 5058.9
3750 5282.0
3750 5539.2
3750 6036.4
3750 6241.4
3760 5764.1
3760 5667.5
3760 5622.3
3760 5669.1
3760 5748.8
3760 5837.5
3770 6126.1
3770 6079.1
3770 6054.3
3770 6037.9
3770 6036.8
3770 6067.8
3770 6092.8
3780 5621.2
3780 5855.9
3780 6008.8
3780 6128.2
3780 6133.3
3780 6128.7
3790 6264.5
3790 6269.5
3790 6238.9
3790 6207.2
3790 6171.8
3790 6141.2
3790 6119.9
3800 6476.3
3800 6520.9
3800 6549.6
3800 6546.8
3800 6513.1
3800 6382.4
3800 6298.4
3810 6098.2
3810 6087.1
3810 6077.3
3810 6096.6
3810 6129.1
3810 6159.1
3820 5997.9
3820 6050.9
3820 6078.4
3820 6099.5
3820 6110.8
3820 6111.9
3820 6094.2
3830 6181.2
3830 6161.7
3830 6129.3
3830 6093.7
3830 6049.1
3830 6044.5
3840 6159.7
3840 6219.9
3840 6316.1
3840 6601.3
3840 6762.4
3840 6902.2
3840 6949.4
3850 6092.8
3850 6090.5
3850 6084.8
3850 6081.9
3850 6100.0
3850 6216.0
3850 6307.4
3860 5460.3
3860 5414.9
3860 5410.5
3860 5472.4
3860 5533.9
3860 5608.8
3870 5879.7
3870 5826.8
3870 5798.0
3870 5847.0
3870 5938.7
3870 6049.3
3870 6203.3
3880 6310.3
3880 6265.0
3880 6173.0
3880 6063.7
3880 5924.5
3880 5884.6
3890 5800.2
3890 5757.2
3890 5663.1
3890 5590.4
3890 5497.0
3890 5400.8
3900 6778.6
3900 6470.7
3900 6379.6
3900 6355.6
3900 6416.3
3900 6655.9
3900 6770.2
3910 5156.2
3910 5093.4
3910 5129.2
3910 5431.0
3910 5633.7
3910 5816.1
3920 5268.8
3920 5315.8
3920 5464.8
3920 5566.3
3920 5674.8
3920 5770.0
3920 5834.8
3930 5906.3
3930 5787.1
3930 5668.5
3930 5576.8
3930 5540.7
3930 5634.0
3930 5749.4
3940 5562.7
3940 5495.0
3940 5507.1
3940 5732.7
3940 5920.6
3940 6123.8
3950 4663.0
3950 5532.2
3950 5768.5
3950 5815.1
3950 5749.6
3950 5716.8
3950 5858.7
3960 5079.9
3960 5172.2
3960 5214.1
3960 5194.3
3960 5038.7
3960 4942.4
3970 5209.6
3970 5200.9
3970 5171.3
3970 4882.7
3970 4673.3
3970 4499.2
3970 4465.1
3980 6117.4
3980 6051.0
3980 6005.6
3980 5959.6
3980 5924.4
3980 5915.2
3980 5945.0
3990 5848.7
3990 5844.8
3990 5842.3
3990 5845.7
3990 5855.6
3990 5873.6
4000 5972.4
4000 6002.1
4000 6035.0
4000 6048.5
4000 6072.1
4000 6122.3
4000 6302.5
4010 6126.4
4010 6126.8
4010 6150.5
4010 6191.0
4010 6261.4
4010 6283.6
4010 6301.9
4020 6354.0
4020 6388.9
4020 6422.1
4020 6421.8
4020 6416.2
4020 6412.1
4030 6240.3
4030 6180.5
4030 6162.9
4030 6150.7
4030 6145.7
4030 6152.1
4030 6186.6
4040 6371.0
4040 6417.7
4040 6436.9
4040 6432.7
4040 6411.4
4040 6364.6
4050 6262.5
4050 6253.1
4050 6233.1
4050 6230.7
4050 6234.8
4050 6241.0
4050 6238.9
4060 6276.1
4060 6329.7
4060 6400.9
4060 6483.5
4060 6551.3
4060 6569.7
4060 6509.5
4070 6167.8
4070 6215.0
4070 6249.5
4070 6269.7
4070 6259.5
4070 6244.7
4080 6612.7
4080 6554.0
4080 6519.5
4080 6488.8
4080 6465.3
4080 6447.1
4080 6402.7
4090 6304.0
4090 6311.5
4090 6345.0
4090 6393.8
4090 6458.6
4090 6462.7
4100 5100.5
4100 5253.7
4100 5541.4
4100 6129.2
4100 6277.3
4100 6276.5
4100 6156.6
4110 5034.4
4110 5711.4
4110 5945.5
4110 6011.7
4110 5802.5
4110 5081.7
4110 4774.4
4120 6154.6
4120 6141.6
4120 6138.4
4120 6195.8
4120 6244.9
4120 6287.3
4130 6057.6
4130 6077.0
4130 6166.8
4130 6214.3
4130 6257.1
4130 6289.7
4130 6300.9
4140 5247.2
4140 5166.5
4140 4814.6
4140 4437.8
4140 4197.4
4140 4334.3
4140 4628.1
4150 6172.2
4150 6190.5
4150 6078.1
4150 5938.0
4150 5770.3
4150 5622.1
4160 6570.7
4160 6603.0
4160 6582.4
4160 6533.5
4160 6474.1
4160 6435.3
4160 6429.2
4170 6712.8
4170 6726.8
4170 6748.9
4170 6776.8
4170 6827.7
4170 6840.2
4180 6072.8
4180 6189.7
4180 6579.7
4180 6752.6
4180 6856.4
4180 6874.2
4180 6837.0
4190 6683.8
4190 6659.7
4190 6625.7
4190 6591.8
4190 6567.4
4190 6541.9
4190 6539.1
4200 6266.3
4200 6383.4
4200 6468.5
4200 6531.1
4200 6518.4
4200 6493.9
4210 6513.2
4210 6500.9
4210 6428.3
4210 6403.6
4210 6401.9
4210 6398.9
4210 6266.6
4220 6290.6
4220 6330.1
4220 6389.0
4220 6448.6
4220 6539.2
4220 6561.9
4230 6546.0
4230 6531.2
4230 6471.2
4230 6446.6
4230 6440.0
4230 6464.2
4240 6459.5
4240 6456.9
4240 6461.7
4240 6469.8
4240 6481.2
4240 6508.9
4240 6521.3
4250 6538.7
4250 6566.7
4250 6578.6
4250 6508.5
4250 6426.9
4250 6328.4
4260 6482.3
4260 6485.0
4260 6529.1
4260 6558.4
4260 6582.4
4260 6587.6
4260 6568.5
4270 6447.7
4270 6490.8
4270 6506.6
4270 6491.3
4270 6424.8
4270 6392.5
4270 6367.4
4280 6239.6
4280 6210.3
4280 6190.1
4280 6211.4
4280 6252.1
4280 6300.5
4290 6288.7
4290 6319.2
4290 6346.8
4290 6378.7
4290 6405.4
4290 6414.0
4290 6386.5
4300 6286.2
4300 6266.2
4300 6238.9
4300 6211.2
4300 6180.2
4300 6186.4
4310 6295.3
4310 6309.3
4310 6325.8
4310 6336.7
4310 6322.5
4310 6297.9
4310 6286.5
4320 6513.4
4320 6479.2
4320 6427.5
4320 6370.8
4320 6335.0
4320 6339.3
4320 6370.3
4330 6870.6
4330 6898.7
4330 6919.9
4330 6934.2
4330 6924.9
4330 6907.8
4340 6455.2
4340 6451.3
4340 6465.0
4340 6488.4
4340 6521.0
4340 6547.8
4340 6544.3
4350 6443.6
4350 6440.2
4350 6435.8
4350 6423.3
4350 6391.8
4350 6384.6
4360 6304.8
4360 6319.3
4360 6399.2
4360 6433.0
4360 6448.9
4360 6454.8
4370 6568.5
4370 6585.9
4370 6589.1
4370 6590.3
4370 6590.3
4370 6570.5
4370 6541.1
4380 6485.5
4380 6487.9
4380 6532.2
4380 6658.5
4380 6696.3
4380 6692.6
4390 6609.8
4390 6601.0
4390 6580.6
4390 6569.4
4390 6559.8
4390 6553.4
4390 6546.5
4400 6383.8
4400 6347.2
4400 6311.9
4400 6285.1
4400 6274.3
4400 6306.6
4400 6345.5
4410 6208.9
4410 6164.5
4410 6121.5
4410 6113.0
4410 6103.3
4410 6084.7
4420 6125.0
4420 6138.6
4420 6164.3
4420 6194.2
4420 6211.0
4420 6190.2
4420 6073.0
4430 5807.0
4430 5773.6
4430 5777.1
4430 5804.7
4430 5871.7
4430 5899.7
4440 6007.5
4440 6019.7
4440 6031.2
4440 6057.5
4440 6075.8
4440 6099.8
4440 6128.0
4450 6057.0
4450 6067.1
4450 6089.2
4450 6121.2
4450 6158.4
4450 6224.7
4450 6247.1
4460 6611.7
4460 6658.4
4460 6720.2
4460 6826.3
4460 6855.3
4460 6865.6
4470 6549.8
4470 6525.6
4470 6476.8
4470 6456.7
4470 6440.6
4470 6429.4
4470 6407.1
4480 6773.3
4480 6839.6
4480 6881.1
4480 6865.0
4480 6685.1
4480 6548.5
4480 6406.7
4490 6045.9
4490 6077.2
4490 6104.4
4490 6104.8
4490 6100.3
4490 6093.2
4500 7284.4
4500 7277.8
4500 7262.7
4500 7240.6
4500 7217.8
4500 7201.2
4500 7188.2
4510 7116.8
4510 7111.2
4510 7107.4
4510 7092.3
4510 7078.7
4510 7060.1
4520 6847.9
4520 6854.8
4520 6881.4
4520 6900.3
4520 6919.4
4520 6932.0
4520 6932.0
4530 6595.7
4530 6565.1
4530 6538.5
4530 6522.2
4530 6520.1
4530 6536.1
4530 6540.1
4540 6392.9
4540 6382.3
4540 6379.6
4540 6380.4
4540 6375.0
4540 6361.8
4550 6137.2
4550 6128.1
4550 6109.0
4550 6066.5
4550 5982.1
4550 5849.5
4550 5604.4
4560 6092.0
4560 6072.7
4560 6064.8
4560 6066.0
4560 6074.7
4560 6079.6
4570 7026.0
4570 7052.6
4570 7060.8
4570 7024.7
4570 6983.6
4570 6933.7
4570 6882.7
4580 6643.4
4580 6640.2
4580 6638.6
4580 6621.8
4580 6576.2
4580 6469.0
4580 6435.3
4590 6163.6
4590 6188.6
4590 6218.3
4590 6286.6
4590 6318.9
4590 6344.8
4600 6220.9
4600 6214.7
4600 6203.8
4600 6203.8
4600 6206.0
4600 6202.2
4600 6170.4
4610 6358.9
4610 6357.0
4610 6351.9
4610 6340.8
4610 6313.6
4610 6305.9
4610 6306.5
4620 6360.5
4620 6335.7
4620 6285.4
4620 6265.9
4620 6252.1
4620 6243.6
4630 6412.3
4630 6409.0
4630 6401.6
4630 6387.7
4630 6366.8
4630 6345.0
4630 6321.4
4640 6317.8
4640 6318.9
4640 6319.3
4640 6314.0
4640 6309.0
4640 6302.5
4650 6402.8
4650 6401.1
4650 6407.4
4650 6414.8
4650 6422.9
4650 6430.2
4650 6436.8
4660 6326.7
4660 6306.0
4660 6290.4
4660 6281.4
4660 6279.1
4660 6280.5
4660 6278.5
4670 6231.9
4670 6205.2
4670 6177.2
4670 6140.7
4670 6133.4
4670 6129.2
4680 6092.5
4680 6131.1
4680 6203.1
4680 6236.8
4680 6271.2
4680 6307.2
4680 6372.4
4690 6392.1
4690 6389.3
4690 6379.4
4690 6356.9
4690 6270.7
4690 6210.8
4700 6230.7
4700 6268.0
4700 6338.5
4700 6362.7
4700 6373.6
4700 6367.4
4710 6170.3
4710 6177.0
4710 6183.7
4710 6193.9
4710 6209.5
4710 6260.4
4710 6295.4
4720 6244.6
4720 6227.1
4720 6228.7
4720 6252.3
4720 6259.4
4720 6256.3
4730 6451.5
4730 6448.9
4730 6450.2
4730 6454.1
4730 6459.0
4730 6462.1
4730 6458.0
4740 5922.4
4740 5950.6
4740 6022.3
4740 6101.6
4740 6184.3
4740 6189.5
4740 6179.5
4750 6143.4
4750 6215.5
4750 6356.6
4750 6405.8
4750 6431.2
4750 6432.4
4760 6444.1
4760 6400.5
4760 6371.4
4760 6342.2
4760 6315.9
4760 6294.5
4760 6268.1
4770 6172.7
4770 6173.4
4770 6181.2
4770 6196.3
4770 6219.4
4770 6218.9
4780 6341.3
4780 6335.9
4780 6323.4
4780 6317.2
4780 6313.0
4780 6313.6
4780 6318.9
4790 6167.3
4790 6171.5
4790 6178.8
4790 6193.2
4790 6220.3
4790 6296.2
4790 6334.7
4800 6124.2
4800 6147.3
4800 6192.7
4800 6281.0
4800 6312.3
4800 6338.1
4810 6369.4
4810 6377.0
4810 6422.4
4810 6441.5
4810 6440.0
4810 6398.8
4810 6272.5
4820 6408.2
4820 6409.6
4820 6421.6
4820 6435.9
4820 6433.5
4820 6416.6
4830 6268.9
4830 6280.8
4830 6318.7
4830 6343.5
4830 6368.4
4830 6386.5
4840 6430.0
4840 6441.5
4840 6434.6
4840 6421.2
4840 6405.2
4840 6380.6
4840 6372.3
4850 6370.3
4850 6367.2
4850 6364.9
4850 6361.5
4850 6362.2
4850 6366.4
4860 6442.3
4860 6426.7
4860 6397.0
4860 6389.9
4860 6390.5
4860 6398.4
4860 6412.3
4870 6677.3
4870 6673.7
4870 6663.6
4870 6650.7
4870 6643.1
4870 6644.9
4870 6644.0
4880 6411.8
4880 6500.3
4880 6614.6
4880 6630.0
4880 6620.0
4880 6592.6
4890 6325.1
4890 6239.3
4890 6192.0
4890 6153.0
4890 6128.0
4890 6119.1
4890 6147.5
4900 6057.4
4900 5968.9
4900 5904.8
4900 5852.3
4900 5794.7
4900 5819.7
4910 6313.7
4910 6323.4
4910 6305.2
4910 6191.3
4910 6098.8
4910 5988.3
4910 5872.5
4920 6670.9
4920 6677.3
4920 6672.8
4920 6672.8
4920 6686.6
4920 6725.8
4920 6744.6
4930 6022.0
4930 5965.6
4930 5935.7
4930 6021.1
4930 6141.3
4930 6296.1
4940 6173.9
4940 6152.6
4940 6134.8
4940 6137.2
4940 6144.7
4940 6154.3
4940 6172.0
4950 6112.5
4950 6126.0
4950 6150.5
4950 6185.3
4950 6252.8
4950 6273.5
4960 6621.3
4960 6686.1
4960 6595.3
4960 6540.4
4960 6513.9
4960 6511.6
4970 6534.3
4970 6705.2
4970 6739.0
4970 6744.7
4970 6725.8
4970 6651.7
4970 6608.4
4980 6095.4
4980 6192.0
4980 6216.9
4980 6249.5
4980 6312.8
4980 6409.3
4990 6741.6
4990 6613.4
4990 6300.6
4990 6212.8
4990 6209.6
4990 6298.6
4990 6403.5
5000 6179.9
5000 6250.3
5000 6372.6
5000 6492.7
5000 6560.9
5000 6584.1
5000 6580.7
5010 6588.6
5010 6576.3
5010 6493.1
5010 6452.8
5010 6431.1
5010 6434.6
5020 6572.6
5020 6584.4
5020 6569.8
5020 6547.8
5020 6521.5
5020 6495.2
5020 6465.8
5030 6443.0
5030 6326.8
5030 6213.3
5030 6135.5
5030 6093.8
5030 6117.8
5040 5979.6
5040 6094.9
5040 6236.3
5040 6488.6
5040 6570.2
5040 6615.2
5040 6625.5
5050 5763.2
5050 5915.1
5050 5993.0
5050 6057.0
5050 6088.0
5050 5946.9
5050 5714.4
5060 5766.2
5060 5806.6
5060 5800.9
5060 5736.8
5060 5742.0
5060 5811.0
5070 6159.8
5070 6111.4
5070 5935.7
5070 5850.3
5070 5786.1
5070 5743.7
5070 5663.5
5080 6425.6
5080 6329.2
5080 6266.3
5080 6256.8
5080 6303.4
5080 6329.4
5080 6345.8
5090 5895.3
5090 5904.3
5090 6034.4
5090 6135.1
5090 6235.7
5090 6313.2
5100 5665.7
5100 5251.3
5100 5100.0
5100 5008.4
5100 4977.1
5100 4974.7
5100 4997.6
5110 5633.0
5110 5540.6
5110 5491.5
5110 5302.5
5110 5132.3
5110 4944.8
5120 6463.5
5120 6451.1
5120 6350.1
5120 6218.3
5120 6026.9
5120 5802.0
5120 5617.0
5130 6515.5
5130 6557.9
5130 6585.9
5130 6595.1
5130 6578.7
5130 6472.8
5130 6395.7
5140 6543.9
5140 6530.3
5140 6515.9
5140 6509.5
5140 6528.9
5140 6566.8
5150 6550.5
5150 6664.0
5150 6710.7
5150 6727.7
5150 6713.2
5150 6691.7
5150 6695.5
5160 6448.7
5160 6421.0
5160 6391.4
5160 6368.4
5160 6362.3
5160 6386.1
5170 6477.9
5170 6470.0
5170 6446.3
5170 6388.3
5170 6365.8
5170 6353.0
5170 6355.4
5180 6533.6
5180 6576.3
5180 6570.5
5180 6537.8
5180 6477.8
5180 6367.2
5180 6343.5
5190 6550.5
5190 6538.9
5190 6539.6
5190 6571.2
5190 6603.0
5190 6641.5
5200 6471.2
5200 6489.8
5200 6489.4
5200 6469.0
5200 6440.6
5200 6414.4
5200 6394.9
5210 6514.8
5210 6565.4
5210 6605.4
5210 6621.6
5210 6593.3
5210 6558.1
5210 6518.0
5220 6369.2
5220 6354.5
5220 6315.3
5220 6307.7
5220 6315.8
5220 6338.9
5230 6198.1
5230 6129.5
5230 6137.7
5230 6184.3
5230 6262.1
5230 6332.7
5230 6380.3
5240 6245.5
5240 6276.3
5240 6267.9
5240 6247.8
5240 6223.8
5240 6217.5
5250 5899.7
5250 5992.6
5250 6146.5
5250 6164.9
5250 6139.5
5250 6080.1
5250 6002.0
5260 6203.1
5260 6363.3
5260 6444.7
5260 6458.2
5260 6445.7
5260 6406.3
5260 6389.3
5270 6369.0
5270 6367.1
5270 6356.5
5270 6320.6
5270 6308.7
5270 6310.2
5280 6219.9
5280 6255.8
5280 6296.2
5280 6282.7
5280 6253.5
5280 6236.7
5280 6264.9
5290 5815.9
5290 5631.9
5290 5476.6
5290 5412.7
5290 5478.1
5290 5548.2
5300 5693.0
5300 5757.8
5300 5747.8
5300 5651.8
5300 5499.4
5300 5292.5
5310 5066.3
5310 5019.7
5310 5094.6
5310 5211.3
5310 5332.2
5310 5499.8
5310 5552.8
5320 4071.1
5320 4070.7
5320 4290.5
5320 5057.2
5320 5480.8
5320 5799.6
5330 4725.2
5330 5107.7
5330 5395.8
5330 5168.0
5330 4800.6
5330 4459.7
5330 4250.3
5340 4710.6
5340 4899.0
5340 5063.6
5340 5136.4
5340 5099.9
5340 5073.6
5340 5074.1
5350 5296.7
5350 5172.4
5350 4910.9
5350 4883.3
5350 4939.1
5350 5024.7
5360 4469.3
5360 4433.0
5360 4519.5
5360 4693.9
5360 4926.6
5360 5142.9
5360 5454.1
5370 4380.0
5370 4015.7
5370 3746.0
5370 3585.3
5370 3464.8
5370 3486.7
5380 5636.9
5380 5937.5
5380 6162.6
5380 6244.6
5380 6128.1
5380 5978.5
5380 5893.6
5390 5951.6
5390 5988.9
5390 6047.5
5390 6112.7
5390 6106.0
5390 5779.1
5390 5539.0
5400 5758.4
5400 5524.4
5400 5389.8
5400 5414.5
5400 5490.2
5400 5534.8
5410 5185.1
5410 5215.5
5410 5369.9
5410 5429.7
5410 5456.4
5410 5465.6
5410 5532.2
5420 6144.2
5420 6154.2
5420 6158.7
5420 6172.3
5420 6189.3
5420 6183.4
5430 5398.9
5430 5273.6
5430 5223.3
5430 5290.5
5430 5402.8
5430 5512.0
5440 5915.7
5440 5322.0
5440 5047.7
5440 4875.6
5440 4868.6
5440 5191.1
5440 5433.5
5450 4731.5
5450 4479.7
5450 4377.0
5450 4562.7
5450 4818.0
5450 5144.7
5460 5615.2
5460 5546.6
5460 5398.8
5460 5341.3
5460 5309.7
5460 5320.2
5460 5367.8
5470 5845.0
5470 5833.5
5470 5805.4
5470 5775.1
5470 5760.3
5470 5716.8
5470 5658.3
5480 5931.2
5480 5939.7
5480 5900.2
5480 5852.5
5480 5785.3
5480 5699.3
5490 5914.9
5490 5702.1
5490 5645.9
5490 5629.6
5490 5652.8
5490 5708.3
5490 5831.8
5500 5605.4
5500 5515.9
5500 5424.0
5500 5336.9
5500 5241.8
5500 5262.8
5510 5801.2
5510 5888.5
5510 5954.2
5510 6090.8
5510 6159.1
5510 6192.2
5510 6106.6
5520 3861.1
5520 3894.6
5520 4032.0
5520 4265.6
5520 4561.5
5520 5138.3
5520 5308.2
5530 4148.5
5530 3919.7
5530 3851.4
5530 4099.5
5530 4349.1
5530 4598.9
5540 5701.7
5540 5605.3
5540 5542.8
5540 5587.7
5540 5675.9
5540 5780.3
5540 5911.7
5550 5869.4
5550 5923.7
5550 6026.9
5550 6111.4
5550 6056.2
5550 5958.8
5560 5950.6
5560 6068.1
5560 6201.7
5560 6183.7
5560 6130.2
5560 6088.2
5570 6028.1
5570 5944.9
5570 5943.8
5570 5967.1
5570 6001.1
5570 6020.9
5570 5971.2
5580 6243.6
5580 6250.0
5580 6250.0
5580 6186.3
5580 6131.4
5580 6074.6
5590 5652.8
5590 5745.5
5590 5907.2
5590 5982.0
5590 6047.7
5590 6096.7
5590 6134.2
5600 4423.5
5600 4342.0
5600 4334.0
5600 4437.8
5600 4608.0
5600 4860.9
5600 4889.2
5610 5283.3
5610 5203.6
5610 5175.3
5610 5232.8
5610 5298.5
5610 5377.3
5620 5293.4
5620 5111.6
5620 5080.3
5620 5072.8
5620 5069.4
5620 5088.7
5620 5252.3
5630 5389.5
5630 5400.9
5630 5375.7
5630 5288.2
5630 4908.1
5630 4667.6
5640 4672.7
5640 4574.9
5640 4538.9
5640 4606.8
5640 4667.3
5640 4700.1
5640 4665.9
5650 5867.6
5650 5827.1
5650 5853.0
5650 5904.8
5650 5937.6
5650 5879.1
5650 5821.3
5660 5890.8
5660 5908.2
5660 5928.1
5660 5963.6
5660 5977.8
5660 5988.6
5670 5761.4
5670 5773.7
5670 5857.4
5670 5887.2
5670 5884.6
5670 5854.1
5670 5842.9
